tags_collected, time_in_minutes, random_seed
55, 50, 1337
62, 50, 1338
59, 50, 1339
46, 50, 1340
55, 50, 1341
57, 50, 1342
53, 50, 1343
60, 50, 1344
54, 50, 1345
59, 50, 1346
52, 50, 1347
60, 50, 1348
64, 50, 1349
58, 50, 1350
52, 50, 1351
52, 50, 1352
60, 50, 1353
65, 50, 1354
54, 50, 1355
56, 50, 1356
61, 50, 1357
56, 50, 1358
61, 50, 1359
58, 50, 1360
54, 50, 1361
56, 50, 1362
56, 50, 1363
56, 50, 1364
55, 50, 1365
56, 50, 1366
56, 50, 1367
61, 50, 1368
53, 50, 1369
52, 50, 1370
58, 50, 1371
63, 50, 1372
61, 50, 1373
50, 50, 1374
51, 50, 1375
58, 50, 1376
58, 50, 1377
58, 50, 1378
56, 50, 1379
62, 50, 1380
58, 50, 1381
58, 50, 1382
53, 50, 1383
54, 50, 1384
55, 50, 1385
56, 50, 1386
