tags_collected, time_in_minutes, random_seed
53, 60, 1337
43, 60, 1338
43, 60, 1339
90, 60, 1340
47, 60, 1341
60, 60, 1342
83, 60, 1343
66, 60, 1344
85, 60, 1345
49, 60, 1346
49, 60, 1347
53, 60, 1348
70, 60, 1349
65, 60, 1350
51, 60, 1351
49, 60, 1352
49, 60, 1353
45, 60, 1354
90, 60, 1355
50, 60, 1356
84, 60, 1357
62, 60, 1358
52, 60, 1359
50, 60, 1360
53, 60, 1361
64, 60, 1362
54, 60, 1363
45, 60, 1364
54, 60, 1365
66, 60, 1366
35, 60, 1367
51, 60, 1368
85, 60, 1369
94, 60, 1370
68, 60, 1371
85, 60, 1372
62, 60, 1373
41, 60, 1374
93, 60, 1375
58, 60, 1376
48, 60, 1377
68, 60, 1378
54, 60, 1379
71, 60, 1380
76, 60, 1381
46, 60, 1382
71, 60, 1383
56, 60, 1384
62, 60, 1385
88, 60, 1386
